        perc_fit_traces: 1.0
        average_trace_fitness: 1.0
        is_sound: True
        precision: 0.7530864197530864
        generalization: 0.5259294594558881
        simplicity: 0.6521739130434783
        fraction_used_trans: 1.0
        fraction_tasks: 1.0
        execution_score: 33.0

total 46.61058924122956