        perc_fit_traces: 1.0
        average_trace_fitness: 1.0
        is_sound: False
        precision: 0.7261904761904762
        generalization: 0.5259294594558881
        simplicity: 0.7777777777777779
        fraction_used_trans: 1.0
        fraction_tasks: 1.0
        execution_score: 33.0

total 44.65151177547638