        perc_fit_traces: 1.0
        average_trace_fitness: 1.0
        is_sound: True
        precision: 0.9375
        generalization: 0.3816532678934015
        simplicity: 0.7894736842105263
        fraction_used_trans: 1.0
        fraction_tasks: 1.0
        execution_score: 20.0

total 35.45306113127158