        perc_fit_traces: 0.0
        average_trace_fitness: 0.8333333333333334
        is_sound: True
        precision: 0.8
        generalization: 0.3816532678934015
        simplicity: 0.7499999999999999
        fraction_used_trans: 1.0
        fraction_tasks: 1.0
        execution_score: 16.4

total 28.58805151292748