        perc_fit_traces: 0.5
        average_trace_fitness: 0.956903594771242
        is_sound: False
        precision: 0.75
        generalization: 0.44395122992288294
        simplicity: 0.6666666666666666
        fraction_used_trans: 1.0
        fraction_tasks: 0.5333333333333333
        execution_score: 38.1

total 48.733288404033715